0.12755
0.12755
0.12755
-0.10628
-0.06465
-0.06465
-0.15240
-0.15240
0.04678
-0.05182
-0.05182
-0.05182
-0.00959
0.17058
0.11292
-0.05046
0.24142
0.24142
0.20384
0.20384
0.20384
0.10220
0.11196
-0.32443
0.03007
0.03007
0.03007
0.03007
0.11731
0.11731
0.02786
0.09806
0.22632
0.22632
0.20299
0.20299
0.20299
0.20299
0.13334
0.02257
0.02257
0.02257
0.02257
0.08731
0.08731
0.01047
0.01047
-0.11247
-0.11247
-0.11247
-0.00475
0.13148
0.13148
-0.02299
-0.02299
0.16814
0.16814
0.16814
0.16814
0.25175
0.00616
0.00616
0.00616
0.21040
0.21040
0.08099
0.17762
0.08362
0.08362
0.08362
0.18795
0.00707
0.07964
-0.02527
0.13127
0.20158
0.20158
-0.17313
-0.11598
-0.11598
-0.09540
-0.09540
0.02470
0.00104
0.00104
0.00104
0.00104
0.01580
0.01580
0.00021
0.00021
0.00021
0.00021
0.06126
0.06126
0.13608
0.13608
0.15433
0.15433
0.15433
0.12092
0.12092
0.12092
0.12092
0.02002
0.02002
0.02002
0.02002
0.14728
0.14728
0.14728
0.14728
0.14728
0.14728
0.14728
0.10737
0.10737
-0.22663
0.02333
0.02333
0.02333
0.02333
0.27995
0.27995
0.10170
0.10170
0.10170
0.10170
0.00544
0.00544
0.00544
0.00544
-0.14154
0.01607
-0.07497
-0.07497
0.25871
0.25871
0.12504
0.12504
0.12504
0.02565
0.02565
0.11504
0.18710
0.18710
-0.03299
-0.03299
-0.03299
-0.03299
0.11952
-0.05823
-0.05823
0.05123
0.05123
0.05123
0.11135
0.11135
0.11135
0.11135
0.01973
0.01973
0.04478
0.04478
0.04478
0.04478
0.13798
0.13798
0.13798
0.10733
0.06783
0.05089
0.05089
0.05089
0.05089
0.07056
0.14189
0.05823
-0.05106
0.29520
-0.03857
-0.02303
-0.02303
-0.07009
-0.07009
-0.07009
-0.07009
0.06455
0.06455
0.06455
-0.18505
-0.18505
0.15885
0.09985
0.09985
0.09985
0.09985
0.00781
0.00781
0.00781
0.00781
0.00781
0.02739
0.02739
-0.06950
-0.06950
-0.06950
-0.06950
-0.06950
0.15284
0.15284
0.15284
0.15284
0.15284
0.07048
-0.10878
-0.10878
-0.10878
0.15246
0.12817
0.12817
-0.26361
0.28150
0.10498
0.10421
0.10421
0.10421
0.10421
0.28451
0.28451
0.28451
0.28451
0.28451
0.08996
0.15201
0.15201
-0.19238
-0.11827
-0.11827
-0.11827
-0.11827
-0.11827
-0.11827
-0.11827
-0.11827
0.03233
0.03680
0.03680
0.16544
0.16544
0.15261
0.15261
0.15261
0.15261
0.15261
0.15261
0.15261
0.15261
0.15261
0.15261
0.15261
0.04997
0.04997
0.04997
0.04997
0.04997
-0.03111
0.15625
-0.18357
-0.18357
-0.18357
-0.09013
-0.09013
-0.09013
-0.09013
-0.09013
-0.17853
0.04118
0.04118
-0.29482
-0.29482
0.14370
0.14370
0.14370
0.14370
0.14370
0.14370
0.14370
-0.17829
-0.17829
-0.17829
-0.17829
-0.17829
0.10815
0.10815
0.04474
0.27023
0.27023
-0.02756
-0.02756
-0.02756
-0.02756
-0.02756
-0.02756
-0.02756
-0.05293
-0.05293
-0.05293
-0.06324
-0.06324
0.31243
0.31243
0.31243
0.31243
0.31243
-0.04991
0.16455
0.16455
0.16455
0.14341
0.14341
0.14341
0.14341
-0.02821
-0.02821
-0.02821
-0.02821
-0.02821
-0.02821
-0.02821
-0.02821
-0.02821
-0.02821
-0.02821
-0.00710
0.04215
0.04215
0.04215
0.04215
-0.21711
-0.21711
0.19958
0.19958
0.19958
0.19958
0.19958
0.19958
0.19958
0.19958
0.19958
0.19958
0.19958
0.19958
-0.18868
-0.18868
-0.18868
-0.18868
-0.18868
-0.18868
0.34326
0.11666
-0.00268
-0.00268
-0.00268
-0.00268
-0.00268
0.18470
0.22373
0.22373
-0.03660
-0.03660
-0.03660
-0.03660
-0.03660
0.09832
0.09832
0.09832
0.09832
0.09832
0.09832
0.09832
0.09832
-0.10697
-0.10697
0.01122
0.01122
0.03623
0.03623
0.03623
0.03623
0.03623
0.03623
0.03623
0.03623
0.03623
0.03623
0.03623
0.03623
0.03623
0.03623
0.03623
0.03623
-0.23368
0.18291
0.18291
0.24514
0.24514
0.14864
0.14864
0.14864
0.14864
0.05547
-0.21229
-0.21229
-0.17675
-0.17675
-0.17675
-0.17675
0.29174
0.29174
0.29174
0.29174
0.29174
0.00761
0.00761
0.00761
0.00761
0.06032
0.06032
0.06032
0.06032
0.06032
0.06032
0.06032
0.06032
0.06032
0.03983
0.10897
0.10897
0.10897
0.10897
0.10897
0.10897
0.27499
0.27499
0.27499
0.27499
0.27499
0.27499
0.27499
0.27499
0.27499
0.27499
0.27499
0.27499
0.28837
0.28837
0.28837
0.08570
0.08570
0.08570
0.08570
0.09301
0.07423
0.07423
0.07423
-0.05661
-0.05661
-0.05661
-0.05661
-0.05661
-0.13513
-0.13513
-0.13513
-0.05428
0.16515
0.02502
0.02502
0.02502
0.02502
0.02502
0.21124
0.21124
0.21124
0.28615
-0.13466
-0.13466
-0.13466
-0.15016
0.04188
0.04188
0.04188
0.04188
0.04188
-0.01975
-0.01975
-0.01975
-0.01975
-0.01975
-0.01975
-0.01975
-0.01975
-0.01975
-0.01975
-0.01975
-0.01975
-0.01975
-0.01975
-0.12236
0.34922
0.34922
0.34922
-0.21315
0.18286
0.18286
0.18286
0.18286
0.18286
0.18286
0.18286
0.18286
0.18286
0.18286
0.18286
0.18286
0.15719
0.15719
0.15719
0.15719
0.15719
0.15719
0.15719
0.15719
-0.38860
-0.38860
-0.14594
-0.14594
-0.09147
-0.09147
-0.09147
-0.09147
-0.09147
-0.09147
-0.09147
-0.09147
-0.09147
0.14601
0.14601
0.14601
0.14601
0.14601
0.14601
0.14601
-0.11361
0.17416
0.17416
0.17416
0.17416
0.17416
0.17416
0.17416
0.17416
0.17416
0.17416
0.17159
0.17159
0.17159
0.17159
0.17159
0.08371
0.08371
-0.01887
-0.01887
-0.04917
-0.04917
0.08358
0.08358
0.08358
0.08358
0.08358
0.15243
0.15243
0.15243
0.15243
0.15243
0.15243
0.15243
0.04463
0.04463
0.04463
0.04463
0.04463
0.04463
0.04463
0.04463
0.04463
0.04463
0.04463
0.04463
0.04463
0.04463
0.04463
0.07500
0.07500
0.07500
0.07500
0.07500
0.07500
0.07500
0.07500
0.07500
0.07500
0.04069
0.04069
0.04069
0.04069
0.06716
0.06716
0.06716
0.06716
0.06716
0.06716
0.06716
0.06716
0.06716
0.06716
0.06716
0.06716
0.06716
0.06716
-0.04406
-0.04406
-0.04406
-0.04406
-0.04406
0.05208
0.05208
-0.12132
-0.12132
0.17180
0.17180
0.17180
0.02412
0.02412
0.02412
0.02412
0.02412
-0.03775
-0.03775
-0.03775
0.08413
0.08413
0.18734
0.18734
0.18734
0.18734
0.18734
0.18734
-0.11007
-0.11007
-0.11007
-0.11007
-0.11007
-0.11007
-0.11007
-0.11007
-0.11007
-0.10940
-0.10940
-0.08661
-0.08661
-0.08661
-0.08661
-0.08661
-0.01237
-0.01237
0.28926
0.37133
0.37133
0.37133
0.37133
0.37133
0.37133
-0.29273
-0.18560
-0.18560
-0.18560
-0.18560
-0.21016
-0.21016
-0.21016
-0.21016
-0.04523
-0.04523
-0.04523
-0.06152
-0.06152
-0.06152
-0.06152
-0.06152
-0.06152
-0.06152
-0.06152
-0.06152
-0.06152
0.15093
0.15093
0.33643
0.33643
0.13518
0.13518
0.13518
0.13518
0.13518
0.13518
-0.17328
-0.10462
-0.10462
-0.10462
0.00835
0.28805
0.28805
-0.01795
-0.01795
-0.01795
-0.01795
-0.01795
-0.01795
-0.01795
-0.01795
-0.01795
0.11268
0.11268
0.33291
-0.19762
-0.19762
-0.19762
-0.19762
-0.19762
-0.19762
-0.19762
-0.19762
-0.19762
-0.19762
-0.12041
-0.12041
-0.12041
-0.12041
-0.12041
-0.18396
-0.18396
-0.18396
0.21059
0.14268
-0.13333
-0.13333
-0.13333
-0.13333
0.18985
0.18985
0.18985
0.18985
0.18985
0.18985
0.18985
0.18985
-0.15043
0.10016
0.10016
0.35448
0.35448
0.13674
0.13674
0.13674
0.13674
-0.17004
0.29535
0.29535
0.29535
0.21016
0.21016
0.22757
-0.12844
0.24789
-0.33531
-0.33531
0.22675
0.22675
0.22675
0.22675
0.22675
0.22675
0.22675
0.22675
0.22675
0.22675
0.22675
0.02927
0.02927
0.02927
0.02927
0.02927
0.02927
0.02927
0.02927
0.02927
0.05066
0.21810
0.21810
-0.08081
-0.08081
-0.08081
-0.08081
-0.08081
0.10043
0.10043
0.10043
0.10043
0.06456
0.06456
0.00993
0.00993
0.00993
0.02396
0.02396
0.02396
0.03494
0.03494
0.03494
0.03494
-0.07967
-0.07967
-0.07967
-0.07967
0.01115
0.01115
0.01115
0.14441
0.14441
0.14441
0.14441
0.14441
0.14441
0.14441
0.25557
0.25557
0.25557
0.14141
0.14141
0.14141
0.14141
0.14141
0.14141
0.14141
-0.14612
0.11323
0.11323
0.11323
0.11323
0.11323
-0.07295
-0.07295
-0.17287
0.19578
0.19578
-0.22278
-0.22278
-0.22278
-0.22278
-0.22278
-0.22278
-0.22278
0.08919
0.07037
0.07037
-0.18958
-0.18958
-0.18958
0.09039
0.09039
0.09039
0.09039
0.09039
0.09039
0.23648
0.23648
0.23648
0.17593
0.17593
0.17593
0.17593
0.17593
0.17593
-0.08137
0.06950
-0.00392
-0.08679
-0.08679
-0.08679
-0.08679
0.24581
-0.13678
-0.13678
-0.13678
-0.13678
-0.13678
-0.13678
-0.13678
-0.13678
-0.13678
-0.13678
-0.13678
-0.13678
-0.13678
-0.13678
-0.13678
-0.00741
-0.00741
-0.00741
-0.00741
-0.22844
-0.21181
-0.06962
-0.06962
-0.06962
0.21990
0.21990
0.21990
0.21990
0.21990
0.21990
-0.13764
-0.13764
-0.13764
-0.13764
-0.13764
0.24626
0.24626
0.24626
-0.00627
-0.00627
0.08666
0.08666
0.14321
0.14321
0.14321
0.14321
0.14321
0.14321
0.14321
0.14321
0.14321
0.14321
0.14321
0.14321
0.14321
-0.02534
-0.02534
-0.02534
-0.02534
-0.02534
-0.02534
-0.02534
0.18455
0.29341
0.29341
0.29341
0.29341
0.22451
0.22451
0.22451
0.23127
0.23127
0.23127
0.19544
0.19544
0.19544
0.19544
0.19544
0.19544
0.19544
0.19544
0.13595
0.13595
0.13595
0.13595
0.13595
0.13595
0.13595
0.13595
0.13595
0.13595
0.13595
0.13595
-0.20749
-0.20749
-0.08670
-0.08670
0.00414
0.00414
0.00414
0.00414
0.00414
0.00414
0.15540
0.15540
0.15540
-0.20537
-0.20537
-0.20537
-0.20537
-0.20537
-0.10303
-0.10303
-0.10303
-0.10303
0.01450
0.01450
0.01450
0.01450
0.01450
0.01450
0.01450
0.01450
0.01450
0.01450
0.01450
0.01450
0.01450
0.22801
0.22801
0.22801
0.13033
0.13033
0.10800
0.10800
0.10800
0.10349
0.10349
0.10349
0.10349
0.10349
0.10349
0.10349
-0.12793
-0.12793
0.05324
-0.03634
-0.03634
0.23436
0.23436
0.23436
0.23436
0.23436
-0.17080
-0.17080
-0.17080
-0.17080
-0.17080
0.28755
0.28755
-0.03487
-0.03487
-0.03487
-0.03487
-0.05412
0.00767
0.00767
0.00767
0.00767
0.00767
0.00767
0.00767
0.00767
-0.03069
-0.03069
-0.03069
-0.03069
-0.03069
-0.03069
0.07106
0.07106
0.07106
0.07106
0.07106
0.07106
0.07106
-0.09191
-0.09191
0.33162
0.33162
0.33162
0.31225
0.31225
0.31225
0.31225
0.15301
0.15301
0.26417
0.26417
0.26417
0.26417
0.26417
0.04815
0.04815
0.04815
0.04815
0.04815
0.05194
0.05194
0.05194
0.05194
0.05194
0.12771
0.12771
0.12771
0.12771
0.12771
0.12771
0.12771
0.12771
0.12771
0.12771
0.12771
0.12771
0.12771
0.12771
0.12771
0.12771
0.12771
0.12771
0.12771
0.12771
0.12771
0.12771
0.12771
0.12771
-0.01708
-0.01708
-0.01708
0.04543
0.04543
0.05926
0.05926
0.05926
0.08500
0.08500
0.13053
0.13053
0.13053
0.13053
0.13053
0.13053
0.13053
0.13053
0.13053
-0.10682
-0.07707
-0.32857
-0.08690
-0.08690
-0.08690
-0.08690
0.43346
0.43346
0.43346
0.36052
0.36052
0.36052
-0.35759
0.18768
0.18768
0.18768
0.18768
0.18768
0.18768
0.18768
0.18768
0.18768
0.18768
0.18768
0.18768
0.18768
-0.27628
0.06075
-0.06760
-0.06760
-0.07886
-0.03508
-0.03508
0.17856
0.17856
0.06268
0.06268
0.06268
0.06268
0.06268
0.06268
0.06268
0.20938
0.20938
0.20938
0.20938
0.19365
-0.00513
0.13916
0.13916
0.13916
0.13916
0.14395
0.14395
0.14395
0.13381
0.13381
0.13381
0.13381
0.13381
0.13381
0.13381
0.13381
0.13381
0.13381
0.13381
0.13381
0.13381
0.13381
0.13381
0.13381
0.13381
0.10304
0.10304
0.10304
0.10304
0.10304
0.10304
0.11165
0.06598
0.06598
0.06598
0.06598
-0.04705
-0.04705
-0.04705
-0.04705
-0.04705
0.05488
0.05488
0.05488
0.16350
0.16350
0.16350
0.13200
0.13200
0.13200
0.13200
0.13200
0.13200
0.13200
0.03139
0.02933
0.13609
0.13609
-0.03663
-0.03663
-0.03663
-0.03663
-0.03663
-0.03663
-0.03663
-0.00786
0.24006
0.24006
0.24006
0.24006
0.07617
-0.08674
-0.08674
-0.08674
-0.08674
-0.08674
-0.08674
-0.08674
-0.08674
-0.08674
-0.08674
-0.08674
-0.08674
-0.08674
-0.08674
-0.09587
-0.09587
-0.09942
-0.09942
-0.09942
-0.09942
-0.09942
-0.09942
-0.09942
-0.09942
-0.09942
-0.09942
0.00152
0.00152
0.00152
-0.04358
-0.04358
-0.04358
-0.04358
-0.04358
-0.16220
-0.16220
-0.16220
-0.16220
-0.16220
-0.16220
-0.16220
0.25658
-0.07112
-0.07112
-0.05433
-0.05433
-0.05433
-0.05433
-0.05433
-0.05433
-0.05433
-0.05433
0.11801
0.11801
0.11801
0.11801
0.03176
0.03176
0.03176
0.03176
0.03176
0.03176
0.03176
0.03176
0.03176
0.03176
0.03176
0.05523
0.07878
-0.03045
-0.03045
-0.03045
-0.03045
-0.03045
-0.03045
0.09113
0.09113
0.09113
0.09113
0.09113
0.09113
-0.17988
-0.17988
-0.17988
-0.17988
0.09389
0.09389
0.09389
-0.02394
0.11620
0.11620
0.11620
0.11620
0.11620
0.11620
0.08652
0.08652
0.08652
-0.03171
-0.03171
0.29477
0.11517
0.11517
0.11517
0.11517
0.05072
0.05072
0.05072
0.05072
0.05072
-0.20915
-0.20915
-0.20915
-0.20915
-0.20915
-0.04314
0.17274
0.17274
0.17274
0.17274
-0.25611
-0.25611
-0.25611
-0.25611
0.25293
0.25293
0.25293
0.25293
0.25293
0.25293
0.25293
0.25293
0.25293
0.25293
0.25293
0.20940
0.04329
0.04329
-0.04804
-0.04804
-0.04804
-0.04804
-0.04804
-0.04804
-0.04804
0.08661
0.08661
0.08661
0.08661
-0.00590
-0.00590
-0.00590
-0.00590
-0.00590
-0.00590
-0.00590
-0.00590
-0.00590
0.22525
0.22525
0.22525
0.22525
0.22525
-0.18583
-0.18583
-0.18583
-0.18583
-0.18583
-0.12927
-0.12927
-0.19652
-0.19652
-0.19652
-0.19652
-0.22981
-0.22981
-0.22981
-0.22981
-0.22981
-0.22981
-0.22981
-0.22981
0.38174
-0.45001
-0.45001
-0.45001
-0.45001
-0.27239
-0.27299
-0.27299
-0.27299
-0.27299
-0.27299
-0.27299
-0.27299
-0.27299
-0.27299
-0.27299
0.12595
0.05033
0.05033
0.05033
0.05033
0.05033
0.05033
0.05033
0.29201
0.18993
0.18993
0.18993
0.18993
0.18993
0.18993
-0.20353
-0.00037
-0.00037
-0.00037
-0.00037
-0.00037
0.09456
0.09456
-0.09666
0.08330
0.08330
0.08330
0.08330
0.08330
0.07922
0.33242
0.33242
0.33242
0.33242
0.33242
0.33242
0.23801
0.04139
0.04139
0.04139
0.04139
0.04139
0.04139
0.04139
0.04139
0.04139
0.00892
0.00892
0.00892
0.00892
0.00892
0.00892
0.00892
0.00892
0.00892
0.00892
0.06893
0.06893
0.06893
0.06893
0.06893
0.06893
0.06893
0.06893
0.06893
0.06893
0.16802
0.16802
0.16802
0.16802
0.16802
0.16802
0.22846
0.10967
0.10967
0.10967
0.05805
0.05805
0.19779
0.07609
-0.19132
-0.18141
-0.18141
-0.18141
0.27024
0.27024
0.19699
0.19699
0.08142
0.08142
0.08142
0.08142
0.08142
0.08142
0.08142
0.08142
0.08142
0.08142
0.08142
0.08142
0.08142
0.08142
0.19363
0.19363
-0.09476
-0.09476
-0.09476
-0.09476
-0.09476
-0.09476
0.17399
0.17399
0.17399
0.17399
0.19784
0.19784
-0.18823
-0.18823
-0.11777
-0.11777
-0.11777
-0.11777
0.17230
0.17230
0.17230
0.17230
0.17230
0.17230
0.17230
0.17230
0.00755
0.00755
0.00755
-0.00619
-0.00619
-0.00619
-0.00619
-0.00619
-0.00619
-0.00619
-0.00619
-0.00619
-0.00619
-0.00619
-0.00619
-0.00619
-0.00619
-0.14483
-0.14483
-0.14483
-0.14483
-0.14483
-0.06958
-0.06958
-0.06958
-0.06958
-0.06958
-0.06958
0.02291
0.02291
-0.03239
-0.09750
0.18889
0.18889
0.18889
0.18889
0.18889
0.18889
0.18889
0.18889
0.18889
0.18889
0.18889
-0.00992
-0.00992
-0.00992
-0.00992
-0.00992
-0.00992
0.06682
0.06682
0.08919
-0.03460
-0.03460
0.12986
0.12986
0.12986
0.12986
0.12986
-0.13875
0.14756
0.14756
-0.02498
-0.02498
0.18957
0.18957
0.18957
0.18957
0.18957
0.03540
0.03540
0.03540
0.03540
0.03540
0.03540
0.03540
0.03540
0.03540
0.03540
0.03540
0.03540
0.03540
0.03540
0.03540
0.03540
0.03540
0.03540
0.03540
0.03540
0.05130
0.05130
0.04774
0.04774
0.04774
0.04774
0.04774
0.04774
0.04774
0.04774
0.04774
0.07402
0.12800
0.12800
0.12800
0.12800
0.12800
0.12800
0.12800
0.12800
0.12800
0.12800
0.12800
0.12800
0.12800
0.12800
0.16093
0.30460
0.30460
0.30460
0.30460
0.30460
0.01908
0.01908
0.01908
0.01908
0.01908
0.03679
0.03679
0.03679
0.03679
0.03679
0.03679
0.03679
0.03679
0.03679
0.03679
0.03679
0.03679
0.03679
0.03679
0.03679
0.03679
0.03679
0.30857
0.30857
0.16049
0.16049
0.16049
0.16049
0.15700
0.15700
0.15700
0.15700
0.15700
0.15700
0.15700
0.15700
0.15700
0.15700
0.15700
-0.09883
-0.09883
-0.09883
-0.09883
-0.09883
-0.09883
-0.09883
-0.01380
-0.01380
-0.01380
0.09157
0.09157
0.13153
0.13153
0.13153
0.13153
0.13153
0.13153
0.13153
0.13153
0.13153
0.13153
0.13153
0.13153
0.13153
0.13153
0.13153
0.13153
0.12839
-0.29259
0.23458
0.01289
-0.13781
0.08612
0.08612
0.08612
0.08612
0.08612
0.08612
0.08612
0.08612
0.08612
0.08612
-0.13947
-0.13947
-0.13947
0.08820
0.05555
0.05555
0.05555
-0.15215
-0.15215
0.05658
0.05658
0.05658
0.05658
0.05658
0.05658
0.05658
0.05658
0.05658
0.05658
0.05658
0.05658
0.05658
0.05658
0.05658
0.05658
0.05658
0.05658
0.05658
0.05658
0.05658
0.05658
0.05658
0.05658
0.05658
0.05658
0.34066
-0.18608
0.17324
-0.18991
0.24949
0.24949
0.24949
-0.22832
0.32908
0.32908
0.32908
0.32908
0.32908
0.32908
0.32908
0.32908
0.32908
0.32908
0.32908
0.32908
0.32908
0.32908
0.16579
0.16579
0.06672
0.06672
0.06672
0.06672
0.06672
0.06672
0.06672
0.06672
0.06672
0.01934
0.01934
0.01934
0.01934
0.20710
-0.10340
-0.10340
-0.23174
-0.23174
-0.23174
-0.23174
-0.23174
0.05787
0.05787
0.05787
0.05787
0.05787
0.05787
0.05787
0.05787
0.05787
0.05787
-0.13621
0.14716
0.14716
0.14716
0.14716
0.14716
-0.07570
-0.07570
-0.07570
-0.07570
-0.07570
0.17738
0.17738
0.17738
0.17738
0.17738
0.17738
0.00506
0.00506
0.00506
0.00506
0.00506
0.00506
0.00506
0.00506
0.00506
-0.06727
-0.06727
-0.06727
-0.06727
-0.06727
0.03477
0.03477
0.03477
0.03477
0.03477
0.03477
0.03477
0.03477
0.03477
0.34915
0.30643
0.29360
0.29360
0.21481
0.02669
0.02669
0.13811
0.13811
0.13811
0.13811
0.13811
0.19563
0.15148
0.15148
0.15148
0.15148
0.15148
-0.01191
-0.01191
-0.01191
-0.01191
-0.01191
-0.01191
-0.01191
0.04953
0.00668
0.05207
0.05207
0.06388
0.06388
-0.09154
-0.09154
-0.09154
-0.09154
-0.09154
-0.09154
-0.09154
-0.09154
-0.09154
-0.06876
-0.05937
0.29530
0.01867
0.01867
0.01867
0.01867
0.01867
0.01867
0.01867
0.01867
0.01867
0.01867
0.05099
0.05099
-0.02713
-0.02713
-0.02713
-0.02713
-0.02713
-0.02713
0.13099
0.13099
